$ 1 0.000005 30.13683688681966 43 5 43 5e-11
f 256 144 288 144 33 1.5 0.02
R 480 48 544 48 0 0 40 5 0 0 0.5
S 224 64 224 0 0 1 false 0 2
g 144 -32 112 -32 0 0
w 208 0 144 -32 0
w 240 0 224 -48 0
r 224 80 224 128 0 100
w 224 64 224 80 0
w 480 48 288 48 0
w 288 48 288 96 0
w 288 128 288 96 0
r 224 64 288 48 0 100000
w 224 128 224 144 0
w 224 144 256 144 0
w 288 160 288 240 0
w 288 256 288 240 0
r 288 288 224 288 0 103
g 224 288 176 288 0 0
w 288 256 288 288 0
r 224 -112 224 -48 0 100000
R 224 -112 224 -160 0 0 40 1.8 0 0 0.5
o 16 64 0 4099 5 0.05 0 2 16 3
