$ 1 0.000005 11.086722712598126 46 5 43 5e-11
w 224 0 224 64 0
w 224 -48 224 0 0
R 224 -48 224 -80 4 5 50 1.8 0 0 0.25
g 208 192 208 240 0 0
r 288 192 208 192 0 103
w 288 160 288 192 0
w 224 144 256 144 0
w 224 128 224 144 0
w 288 128 288 96 0
w 288 48 288 96 0
w 320 48 288 48 0
w 224 64 224 80 0
r 224 80 224 128 0 100
R 320 48 384 48 0 0 40 5 0 0 0.5
f 256 144 288 144 33 1.5 0.02
f 560 80 592 80 33 1.5 0.02
R 592 -48 656 -48 0 0 40 5 0 0 0.5
r 528 16 528 64 0 100
w 528 0 528 16 0
w 592 64 592 32 0
w 528 64 528 80 0
w 528 80 560 80 0
w 592 96 592 128 0
g 592 128 592 176 0 0
R 528 -112 528 -144 4 5 50 1.8 0 0 0.25
w 528 -112 528 -64 0
w 528 -64 528 0 0
r 592 32 592 -48 0 103
403 336 240 464 304 0 4_64_0_4099_5_0.1_-1_2_4_3
o 15 16 0 4099 4.187921802841467 0.020186364988652068 0 2 15 3
