$ 1 7.8125e-7 0.1 50 5 43 5e-11
f 304 304 352 304 33 1.5 0.02
R 128 144 80 144 0 0 40 5 0 0 0.5
162 256 144 320 144 2 default-led 0 1 0 0.01
162 256 112 320 112 2 default-led 1 0 0 0.01
162 256 176 320 176 2 default-led 0 0 1 0.01
w 224 144 256 144 0
w 256 112 224 112 0
w 256 176 224 176 0
w 320 176 352 176 0
w 352 144 320 144 0
w 320 112 352 112 0
R 304 304 256 304 4 5 40000 1.8 0 0 0.5
g 352 320 352 384 0 0
w 352 192 352 288 0
r 224 112 128 112 0 100
r 224 144 128 144 0 100
r 224 176 128 176 0 100
w 128 112 128 144 0
w 128 176 128 144 0
w 480 192 480 288 0
g 480 320 480 384 0 0
R 432 304 384 304 4 5 40000 1.8 0 0 0.5
f 432 304 480 304 33 1.5 0.02
f 560 304 608 304 33 1.5 0.02
R 560 304 512 304 4 5 40000 1.8 0 0 0.5
g 608 320 608 384 0 0
w 608 192 608 288 0
w 352 176 352 192 0
w 352 144 480 144 0
w 480 144 480 192 0
w 352 112 608 112 0
w 608 112 608 192 0
o 2 1 0 4099 2.5 0.0125 0 2 2 3
